image: lab_gmapping.pgm
resolution: 0.050000
origin: [17.80, 50.94, 0.000000]
negate: 0
occupied_thresh: 0.65
free_thresh: 0.196

