image: sim_karto.pgm
resolution: 0.050000
origin: [-5.523141, -17.429479, 0.000000]
negate: 0
occupied_thresh: 0.65
free_thresh: 0.196

