image: lab_hector.pgm
resolution: 0.075000
origin: [-76.837502, -76.837502, 0.000000]
negate: 0
occupied_thresh: 0.65
free_thresh: 0.196

